date,       time,     latitude,  sat, longitude, speed, altitude
2018/10/07, 17:08:51, 41.701672, 7,   15.738587, 5.5,   613
2018/10/07, 17:08:52, 41.701653, 7,   15.738560, 11.3,   616
2018/10/07, 17:08:53, 41.701653, 7,   15.738541, 13.4,   620
2018/10/07, 17:08:54, 41.701637, 7,   15.738550, 4.9,   624
2018/10/07, 17:08:55, 41.701599, 7,   15.738581, 6.4,   627
2018/10/07, 17:08:56, 41.701584, 7,   15.738566, 5.6,   625
2018/10/07, 17:08:57, 41.701569, 7,   15.738528, 6.6,   619
2018/10/07, 17:08:58, 41.701557, 7,   15.738496, 3.9,   615
2018/10/07, 17:08:59, 41.701557, 7,   15.738465, 3.8,   611
2018/10/07, 17:09:00, 41.701550, 7,   15.738445, 5.3,   611
2018/10/07, 17:09:01, 41.701538, 7,   15.738408, 8.1,   608
2018/10/07, 17:09:02, 41.701534, 7,   15.738389, 4.8,   607
2018/10/07, 17:09:03, 41.701534, 7,   15.738377, 3.8,   603
2018/10/07, 17:09:04, 41.701530, 7,   15.738366, 4.4,   600
2018/10/07, 17:09:05, 41.701534, 7,   15.738330, 2.6,   596
2018/10/07, 17:09:06, 41.701538, 7,   15.738295, 5.4,   592
2018/10/07, 17:09:07, 41.701538, 7,   15.738250, 6.6,   587
2018/10/07, 17:09:08, 41.701523, 7,   15.738208, 10.5,   584
2018/10/07, 17:09:09, 41.701519, 7,   15.738160, 10.7,   581
2018/10/07, 17:09:10, 41.701530, 7,   15.738106, 9.8,   576
2018/10/07, 17:09:11, 41.701542, 7,   15.738066, 11.4,   572
2018/10/07, 17:09:12, 41.701561, 7,   15.738034, 12.1,   570
2018/10/07, 17:09:13, 41.701584, 7,   15.738004, 12.3,   567
2018/10/07, 17:09:14, 41.701614, 7,   15.737971, 11.9,   563
2018/10/07, 17:09:15, 41.701637, 7,   15.737949, 12.7,   562
2018/10/07, 17:09:16, 41.701660, 7,   15.737931, 11.9,   560
2018/10/07, 17:09:17, 41.701687, 7,   15.737919, 12.0,   559
2018/10/07, 17:09:18, 41.701717, 7,   15.737909, 13.8,   559
2018/10/07, 17:09:19, 41.701744, 7,   15.737900, 13.5,   559
2018/10/07, 17:09:20, 41.701771, 7,   15.737886, 12.9,   559
2018/10/07, 17:09:21, 41.701797, 7,   15.737882, 12.9,   559
2018/10/07, 17:09:22, 41.701824, 7,   15.737877, 12.2,   560
2018/10/07, 17:09:23, 41.701851, 7,   15.737869, 11.0,   560
2018/10/07, 17:09:24, 41.701878, 7,   15.737858, 12.4,   559
2018/10/07, 17:09:25, 41.701904, 7,   15.737841, 10.8,   559
2018/10/07, 17:09:26, 41.701920, 7,   15.737821, 10.2,   559
2018/10/07, 17:09:27, 41.701935, 6,   15.737792, 11.0,   558
2018/10/07, 17:09:28, 41.701946, 7,   15.737761, 11.3,   557
2018/10/07, 17:09:29, 41.701954, 7,   15.737723, 9.9,   557
2018/10/07, 17:09:30, 41.701958, 7,   15.737690, 11.7,   556
2018/10/07, 17:09:31, 41.701958, 7,   15.737648, 12.8,   554
2018/10/07, 17:09:32, 41.701954, 7,   15.737605, 12.6,   553
2018/10/07, 17:09:33, 41.701950, 7,   15.737558, 14.9,   552
2018/10/07, 17:09:34, 41.701950, 7,   15.737508, 16.5,   552
2018/10/07, 17:09:35, 41.701946, 7,   15.737452, 17.6,   552
2018/10/07, 17:09:36, 41.701942, 7,   15.737393, 18.0,   552
2018/10/07, 17:09:37, 41.701942, 7,   15.737331, 18.4,   551
2018/10/07, 17:09:38, 41.701939, 6,   15.737267, 18.9,   550
2018/10/07, 17:09:39, 41.701935, 7,   15.737202, 19.9,   549
2018/10/07, 17:09:40, 41.701923, 7,   15.737145, 19.3,   551
2018/10/07, 17:09:41, 41.701916, 7,   15.737083, 18.4,   550
2018/10/07, 17:09:42, 41.701920, 7,   15.737018, 18.9,   547
2018/10/07, 17:09:43, 41.701916, 7,   15.736952, 20.0,   547
2018/10/07, 17:09:44, 41.701916, 7,   15.736883, 20.5,   547
2018/10/07, 17:09:45, 41.701916, 7,   15.736810, 20.5,   544
2018/10/07, 17:09:46, 41.701900, 7,   15.736739, 21.8,   544
2018/10/07, 17:09:47, 41.701897, 7,   15.736668, 22.2,   544
2018/10/07, 17:09:48, 41.701897, 7,   15.736595, 21.7,   543
2018/10/07, 17:09:49, 41.701893, 7,   15.736524, 22.1,   542
2018/10/07, 17:09:50, 41.701885, 6,   15.736448, 22.6,   542
2018/10/07, 17:09:51, 41.701878, 7,   15.736375, 22.8,   543
2018/10/07, 17:09:52, 41.701881, 6,   15.736306, 18.1,   539
2018/10/07, 17:09:53, 41.701878, 7,   15.736240, 19.7,   538
2018/10/07, 17:09:54, 41.701866, 7,   15.736165, 21.3,   535
2018/10/07, 17:09:55, 41.701855, 7,   15.736087, 24.3,   535
2018/10/07, 17:09:56, 41.701851, 6,   15.736003, 23.6,   532
2018/10/07, 17:09:57, 41.701843, 7,   15.735922, 24.1,   529
2018/10/07, 17:09:58, 41.701836, 7,   15.735837, 24.0,   529
2018/10/07, 17:09:59, 41.701828, 7,   15.735755, 24.2,   530
2018/10/07, 17:10:00, 41.701820, 7,   15.735671, 24.8,   532
2018/10/07, 17:10:01, 41.701817, 7,   15.735589, 24.9,   533
2018/10/07, 17:10:02, 41.701809, 7,   15.735506, 24.1,   532
2018/10/07, 17:10:03, 41.701801, 7,   15.735422, 25.4,   532
2018/10/07, 17:10:04, 41.701794, 6,   15.735339, 25.0,   533
2018/10/07, 17:10:05, 41.701786, 7,   15.735258, 24.6,   535
2018/10/07, 17:10:06, 41.701778, 7,   15.735174, 25.1,   535
2018/10/07, 17:10:07, 41.701775, 7,   15.735090, 25.5,   536
2018/10/07, 17:10:08, 41.701759, 7,   15.735006, 25.1,   536
2018/10/07, 17:10:09, 41.701748, 7,   15.734925, 25.4,   537
2018/10/07, 17:10:10, 41.701733, 7,   15.734846, 22.5,   535
2018/10/07, 17:10:11, 41.701714, 7,   15.734772, 24.3,   537
2018/10/07, 17:10:12, 41.701698, 7,   15.734685, 26.9,   537
2018/10/07, 17:10:13, 41.701691, 6,   15.734593, 26.8,   536
2018/10/07, 17:10:14, 41.701675, 7,   15.734508, 25.4,   534
2018/10/07, 17:10:15, 41.701664, 6,   15.734423, 25.6,   534
2018/10/07, 17:10:16, 41.701653, 7,   15.734344, 23.3,   535
2018/10/07, 17:10:17, 41.701637, 7,   15.734262, 23.5,   530
2018/10/07, 17:10:18, 41.701630, 7,   15.734191, 16.9,   522
2018/10/07, 17:10:19, 41.701611, 7,   15.734120, 20.9,   524
2018/10/07, 17:10:20, 41.701599, 7,   15.734038, 23.6,   520
2018/10/07, 17:10:21, 41.701580, 7,   15.733967, 21.6,   519
2018/10/07, 17:10:22, 41.701565, 7,   15.733909, 12.9,   513
2018/10/07, 17:10:23, 41.701561, 7,   15.733835, 21.8,   506
2018/10/07, 17:10:24, 41.701553, 7,   15.733743, 22.5,   497
2018/10/07, 17:10:25, 41.701553, 7,   15.733674, 18.5,   493
2018/10/07, 17:10:26, 41.701553, 7,   15.733592, 23.7,   490
2018/10/07, 17:10:27, 41.701550, 7,   15.733511, 23.2,   484
2018/10/07, 17:10:28, 41.701546, 7,   15.733441, 21.1,   479
2018/10/07, 17:10:29, 41.701530, 7,   15.733362, 24.4,   483
2018/10/07, 17:10:30, 41.701519, 7,   15.733283, 23.2,   482
2018/10/07, 17:10:31, 41.701511, 7,   15.733203, 22.9,   480
2018/10/07, 17:10:32, 41.701500, 7,   15.733139, 20.9,   481
2018/10/07, 17:10:33, 41.701485, 6,   15.733069, 21.9,   483
2018/10/07, 17:10:34, 41.701477, 7,   15.732997, 21.0,   482
2018/10/07, 17:10:35, 41.701458, 7,   15.732915, 24.3,   490
2018/10/07, 17:10:36, 41.701443, 7,   15.732832, 25.2,   495
2018/10/07, 17:10:37, 41.701439, 7,   15.732754, 24.4,   495
2018/10/07, 17:10:38, 41.701431, 6,   15.732674, 24.0,   493
2018/10/07, 17:10:39, 41.701420, 7,   15.732600, 23.7,   495
2018/10/07, 17:10:40, 41.701389, 7,   15.732536, 22.7,   499
2018/10/07, 17:10:41, 41.701374, 7,   15.732464, 22.6,   500
2018/10/07, 17:10:42, 41.701363, 7,   15.732395, 20.0,   499
2018/10/07, 17:10:43, 41.701359, 7,   15.732327, 18.5,   497
2018/10/07, 17:10:44, 41.701351, 7,   15.732265, 16.8,   493
2018/10/07, 17:10:45, 41.701344, 7,   15.732192, 20.0,   492
2018/10/07, 17:10:46, 41.701321, 7,   15.732107, 23.3,   494
2018/10/07, 17:10:47, 41.701313, 7,   15.732036, 19.9,   492
2018/10/07, 17:10:48, 41.701309, 7,   15.731956, 21.1,   490
2018/10/07, 17:10:49, 41.701309, 7,   15.731871, 21.2,   488
2018/10/07, 17:10:50, 41.701290, 7,   15.731808, 19.8,   491
2018/10/07, 17:10:51, 41.701275, 6,   15.731758, 16.0,   494
2018/10/07, 17:10:52, 41.701271, 7,   15.731709, 12.1,   493
2018/10/07, 17:10:53, 41.701267, 7,   15.731674, 7.5,   493
2018/10/07, 17:10:54, 41.701260, 7,   15.731649, 6.1,   501
2018/10/07, 17:10:55, 41.701241, 7,   15.731634, 6.2,   512
2018/10/07, 17:10:56, 41.701237, 7,   15.731613, 6.5,   514
2018/10/07, 17:10:57, 41.701237, 7,   15.731590, 5.6,   516
2018/10/07, 17:10:58, 41.701233, 7,   15.731573, 4.4,   519
2018/10/07, 17:10:59, 41.701225, 7,   15.731554, 5.2,   522
2018/10/07, 17:11:00, 41.701221, 7,   15.731538, 4.7,   523
2018/10/07, 17:11:01, 41.701210, 7,   15.731524, 4.7,   526
2018/10/07, 17:11:02, 41.701206, 7,   15.731512, 4.3,   527
2018/10/07, 17:11:03, 41.701202, 7,   15.731500, 2.7,   528
2018/10/07, 17:11:04, 41.701199, 7,   15.731493, 0.0,   529
2018/10/07, 17:11:05, 41.701195, 7,   15.731483, 2.3,   531
2018/10/07, 17:11:06, 41.701187, 7,   15.731477, 2.1,   534
2018/10/07, 17:11:07, 41.701187, 7,   15.731461, 3.1,   534
2018/10/07, 17:11:08, 41.701195, 7,   15.731448, 3.4,   534
2018/10/07, 17:11:09, 41.701195, 7,   15.731432, 4.2,   534
2018/10/07, 17:11:10, 41.701199, 7,   15.731420, 3.7,   534
2018/10/07, 17:11:11, 41.701199, 7,   15.731410, 3.9,   535
2018/10/07, 17:11:12, 41.701202, 7,   15.731391, 7.6,   538
2018/10/07, 17:11:13, 41.701214, 7,   15.731359, 9.3,   537
2018/10/07, 17:11:14, 41.701221, 7,   15.731341, 6.2,   537
2018/10/07, 17:11:15, 41.701233, 7,   15.731328, 6.8,   538
2018/10/07, 17:11:16, 41.701267, 7,   15.731317, 9.9,   537
2018/10/07, 17:11:17, 41.701302, 7,   15.731306, 10.7,   537
2018/10/07, 17:11:18, 41.701340, 7,   15.731274, 15.2,   537
2018/10/07, 17:11:19, 41.701366, 7,   15.731255, 12.2,   537
2018/10/07, 17:11:20, 41.701389, 7,   15.731243, 11.7,   538
2018/10/07, 17:11:21, 41.701416, 7,   15.731234, 10.2,   538
2018/10/07, 17:11:22, 41.701454, 7,   15.731224, 12.4,   538
2018/10/07, 17:11:23, 41.701500, 7,   15.731203, 14.9,   538
2018/10/07, 17:11:24, 41.701550, 7,   15.731176, 16.0,   537
2018/10/07, 17:11:25, 41.701607, 7,   15.731165, 19.1,   537
2018/10/07, 17:11:26, 41.701656, 7,   15.731165, 18.1,   536
2018/10/07, 17:11:27, 41.701698, 7,   15.731153, 16.9,   538
2018/10/07, 17:11:28, 41.701756, 7,   15.731122, 19.0,   538
2018/10/07, 17:11:29, 41.701809, 7,   15.731093, 19.2,   537
2018/10/07, 17:11:30, 41.701855, 7,   15.731082, 17.4,   537
2018/10/07, 17:11:31, 41.701900, 7,   15.731071, 17.3,   537
2018/10/07, 17:11:32, 41.701942, 7,   15.731059, 16.5,   537
2018/10/07, 17:11:33, 41.701973, 7,   15.731044, 14.7,   537
2018/10/07, 17:11:34, 41.702034, 7,   15.731016, 18.0,   538
2018/10/07, 17:11:35, 41.702072, 7,   15.730999, 16.8,   538
2018/10/07, 17:11:36, 41.702122, 7,   15.730968, 17.2,   537
2018/10/07, 17:11:37, 41.702183, 7,   15.730931, 19.8,   537
2018/10/07, 17:11:38, 41.702229, 7,   15.730905, 18.1,   537
2018/10/07, 17:11:39, 41.702263, 7,   15.730905, 13.1,   538
2018/10/07, 17:11:40, 41.702328, 7,   15.730891, 15.8,   536
2018/10/07, 17:11:41, 41.702351, 7,   15.730895, 13.5,   537
2018/10/07, 17:11:42, 41.702412, 7,   15.730877, 16.0,   536
2018/10/07, 17:11:43, 41.702484, 7,   15.730855, 19.4,   536
2018/10/07, 17:11:44, 41.702549, 7,   15.730832, 20.5,   536
2018/10/07, 17:11:45, 41.702625, 7,   15.730805, 23.2,   536
2018/10/07, 17:11:46, 41.702709, 7,   15.730787, 24.7,   536
2018/10/07, 17:11:47, 41.702763, 7,   15.730773, 23.0,   539
2018/10/07, 17:11:48, 41.702824, 7,   15.730762, 21.5,   540
2018/10/07, 17:11:49, 41.702900, 7,   15.730717, 22.9,   540
2018/10/07, 17:11:50, 41.702965, 7,   15.730688, 23.0,   540
2018/10/07, 17:11:51, 41.703026, 7,   15.730667, 24.0,   540
2018/10/07, 17:11:52, 41.703079, 6,   15.730640, 22.8,   542
2018/10/07, 17:11:53, 41.703144, 7,   15.730605, 23.1,   542
2018/10/07, 17:11:54, 41.703201, 7,   15.730563, 22.4,   541
2018/10/07, 17:11:55, 41.703262, 7,   15.730523, 21.9,   541
2018/10/07, 17:11:56, 41.703320, 6,   15.730504, 21.5,   541
2018/10/07, 17:11:57, 41.703369, 7,   15.730490, 19.6,   541
2018/10/07, 17:11:58, 41.703423, 7,   15.730442, 18.9,   541
2018/10/07, 17:11:59, 41.703472, 7,   15.730429, 17.0,   542
2018/10/07, 17:12:00, 41.703526, 7,   15.730393, 16.7,   542
2018/10/07, 17:12:01, 41.703575, 7,   15.730369, 17.6,   542
2018/10/07, 17:12:02, 41.703629, 7,   15.730336, 17.9,   542
2018/10/07, 17:12:03, 41.703682, 7,   15.730315, 17.8,   542
2018/10/07, 17:12:04, 41.703724, 7,   15.730294, 17.3,   542
2018/10/07, 17:12:05, 41.703773, 7,   15.730284, 15.7,   541
2018/10/07, 17:12:06, 41.703823, 7,   15.730268, 15.2,   541
2018/10/07, 17:12:07, 41.703861, 7,   15.730249, 13.4,   541
2018/10/07, 17:12:08, 41.703896, 7,   15.730232, 12.9,   541
2018/10/07, 17:12:09, 41.703903, 7,   15.730229, 7.4,   542
2018/10/07, 17:12:10, 41.703941, 7,   15.730209, 9.1,   543
2018/10/07, 17:12:11, 41.703987, 7,   15.730183, 11.5,   543
2018/10/07, 17:12:12, 41.704033, 7,   15.730171, 13.1,   543
2018/10/07, 17:12:13, 41.704067, 7,   15.730164, 12.6,   545
2018/10/07, 17:12:14, 41.704079, 7,   15.730147, 8.8,   547
2018/10/07, 17:12:15, 41.704109, 7,   15.730124, 9.0,   549
2018/10/07, 17:12:16, 41.704147, 7,   15.730098, 11.7,   550
2018/10/07, 17:12:17, 41.704201, 7,   15.730069, 14.5,   550
2018/10/07, 17:12:18, 41.704224, 7,   15.730056, 12.3,   551
2018/10/07, 17:12:19, 41.704239, 7,   15.730045, 7.0,   551
2018/10/07, 17:12:20, 41.704269, 7,   15.730032, 8.1,   552
2018/10/07, 17:12:21, 41.704300, 7,   15.730010, 8.5,   552
2018/10/07, 17:12:22, 41.704323, 7,   15.730010, 6.8,   552
2018/10/07, 17:12:23, 41.704357, 7,   15.729986, 8.2,   553
2018/10/07, 17:12:24, 41.704395, 7,   15.729980, 9.7,   552
2018/10/07, 17:12:25, 41.704414, 7,   15.729970, 7.9,   553
2018/10/07, 17:12:26, 41.704433, 7,   15.729989, 6.5,   554
2018/10/07, 17:12:27, 41.704456, 7,   15.729992, 5.3,   555
2018/10/07, 17:12:28, 41.704479, 7,   15.729987, 6.0,   555
2018/10/07, 17:12:29, 41.704506, 7,   15.729977, 6.0,   556
2018/10/07, 17:12:30, 41.704510, 7,   15.729971, 2.7,   557
2018/10/07, 17:12:31, 41.704552, 7,   15.729970, 6.2,   557
2018/10/07, 17:12:32, 41.704590, 7,   15.729960, 7.7,   557
2018/10/07, 17:12:33, 41.704620, 7,   15.729959, 7.6,   557
2018/10/07, 17:12:34, 41.704659, 7,   15.729952, 7.8,   558
2018/10/07, 17:12:35, 41.704693, 7,   15.729956, 8.5,   559
2018/10/07, 17:12:36, 41.704723, 7,   15.729938, 7.6,   560
2018/10/07, 17:12:37, 41.704742, 7,   15.729925, 6.4,   560
2018/10/07, 17:12:38, 41.704773, 7,   15.729912, 7.5,   560
2018/10/07, 17:12:39, 41.704796, 7,   15.729897, 6.0,   560
2018/10/07, 17:12:40, 41.704830, 7,   15.729880, 6.4,   560
2018/10/07, 17:12:41, 41.704853, 7,   15.729872, 5.6,   560
2018/10/07, 17:12:42, 41.704884, 7,   15.729857, 6.5,   559
2018/10/07, 17:12:43, 41.704903, 7,   15.729843, 5.1,   559
2018/10/07, 17:12:44, 41.704933, 7,   15.729845, 5.3,   559
2018/10/07, 17:12:45, 41.704964, 7,   15.729831, 6.8,   559
2018/10/07, 17:12:46, 41.704994, 7,   15.729822, 6.7,   559
2018/10/07, 17:12:47, 41.705025, 7,   15.729810, 7.4,   559
2018/10/07, 17:12:48, 41.705032, 7,   15.729807, 5.3,   559
2018/10/07, 17:12:49, 41.705051, 7,   15.729789, 5.3,   560
2018/10/07, 17:12:50, 41.705078, 7,   15.729777, 5.6,   560
2018/10/07, 17:12:51, 41.705101, 7,   15.729776, 6.1,   561
2018/10/07, 17:12:52, 41.705124, 7,   15.729772, 6.3,   562
2018/10/07, 17:12:53, 41.705154, 7,   15.729748, 7.3,   563
2018/10/07, 17:12:54, 41.705177, 7,   15.729728, 6.8,   563
2018/10/07, 17:12:55, 41.705219, 7,   15.729711, 10.2,   564
2018/10/07, 17:12:56, 41.705250, 7,   15.729701, 9.7,   564
2018/10/07, 17:12:57, 41.705273, 7,   15.729685, 8.1,   564
2018/10/07, 17:12:58, 41.705303, 7,   15.729673, 9.3,   565
2018/10/07, 17:12:59, 41.705311, 7,   15.729666, 5.2,   566
2018/10/07, 17:13:00, 41.705322, 7,   15.729659, 4.7,   567
2018/10/07, 17:13:01, 41.705349, 7,   15.729642, 6.3,   568
2018/10/07, 17:13:02, 41.705372, 7,   15.729623, 6.2,   569
2018/10/07, 17:13:03, 41.705395, 7,   15.729605, 4.0,   569
2018/10/07, 17:13:04, 41.705414, 7,   15.729590, 3.2,   570
2018/10/07, 17:13:05, 41.705429, 7,   15.729581, 0.0,   571
2018/10/07, 17:13:06, 41.705448, 7,   15.729567, 2.5,   571
2018/10/07, 17:13:07, 41.705475, 7,   15.729549, 5.3,   571
2018/10/07, 17:13:08, 41.705486, 7,   15.729527, 5.3,   572
2018/10/07, 17:13:09, 41.705494, 7,   15.729520, 2.8,   573
2018/10/07, 17:13:10, 41.705509, 7,   15.729522, 0.0,   574
2018/10/07, 17:13:11, 41.705521, 7,   15.729522, 0.0,   574
2018/10/07, 17:13:12, 41.705536, 7,   15.729517, 2.6,   575
2018/10/07, 17:13:13, 41.705566, 7,   15.729505, 3.8,   576
2018/10/07, 17:13:14, 41.705597, 7,   15.729495, 4.9,   576
2018/10/07, 17:13:15, 41.705620, 7,   15.729486, 6.4,   576
2018/10/07, 17:13:16, 41.705635, 7,   15.729485, 3.5,   577
2018/10/07, 17:13:17, 41.705662, 7,   15.729480, 5.2,   577
2018/10/07, 17:13:18, 41.705692, 7,   15.729469, 5.4,   577
2018/10/07, 17:13:19, 41.705730, 7,   15.729453, 6.9,   576
2018/10/07, 17:13:20, 41.705750, 7,   15.729450, 5.4,   577
2018/10/07, 17:13:21, 41.705761, 7,   15.729435, 3.5,   577
2018/10/07, 17:13:22, 41.705788, 7,   15.729424, 4.5,   577
2018/10/07, 17:13:23, 41.705814, 7,   15.729424, 5.1,   578
2018/10/07, 17:13:24, 41.705837, 7,   15.729423, 4.5,   578
2018/10/07, 17:13:25, 41.705868, 7,   15.729423, 5.6,   577
2018/10/07, 17:13:26, 41.705887, 7,   15.729416, 4.3,   577
2018/10/07, 17:13:27, 41.705917, 7,   15.729405, 5.8,   577
2018/10/07, 17:13:28, 41.705936, 7,   15.729395, 6.2,   578
2018/10/07, 17:13:29, 41.705948, 7,   15.729387, 4.2,   579
2018/10/07, 17:13:30, 41.705967, 7,   15.729387, 4.2,   579
2018/10/07, 17:13:31, 41.705986, 7,   15.729381, 2.9,   579
2018/10/07, 17:13:32, 41.706005, 7,   15.729371, 2.9,   579
2018/10/07, 17:13:33, 41.706047, 7,   15.729351, 5.5,   580
2018/10/07, 17:13:34, 41.706074, 7,   15.729345, 5.3,   580
2018/10/07, 17:13:35, 41.706085, 7,   15.729335, 3.2,   581
2018/10/07, 17:13:36, 41.706108, 7,   15.729321, 4.7,   581
2018/10/07, 17:13:37, 41.706146, 7,   15.729298, 6.3,   581
2018/10/07, 17:13:38, 41.706184, 7,   15.729272, 8.6,   581
2018/10/07, 17:13:39, 41.706203, 7,   15.729259, 7.0,   582
2018/10/07, 17:13:40, 41.706242, 7,   15.729257, 8.0,   583
2018/10/07, 17:13:41, 41.706268, 7,   15.729251, 8.3,   584
2018/10/07, 17:13:42, 41.706303, 7,   15.729250, 8.5,   583
2018/10/07, 17:13:43, 41.706329, 7,   15.729231, 8.3,   584
2018/10/07, 17:13:44, 41.706341, 7,   15.729229, 5.7,   585
2018/10/07, 17:13:45, 41.706364, 7,   15.729221, 5.2,   584
2018/10/07, 17:13:46, 41.706387, 7,   15.729208, 6.1,   584
2018/10/07, 17:13:47, 41.706402, 7,   15.729181, 5.4,   584
2018/10/07, 17:13:48, 41.706417, 7,   15.729156, 5.6,   584
2018/10/07, 17:13:49, 41.706429, 7,   15.729130, 4.1,   583
2018/10/07, 17:13:50, 41.706429, 7,   15.729108, 6.2,   582
2018/10/07, 17:13:51, 41.706444, 7,   15.729082, 5.1,   582
2018/10/07, 17:13:52, 41.706455, 7,   15.729054, 5.3,   582
2018/10/07, 17:13:53, 41.706470, 7,   15.729033, 4.3,   583
2018/10/07, 17:13:54, 41.706486, 7,   15.729018, 2.8,   582
2018/10/07, 17:13:55, 41.706516, 7,   15.729003, 4.2,   582
2018/10/07, 17:13:56, 41.706547, 7,   15.728993, 5.4,   582
2018/10/07, 17:13:57, 41.706570, 7,   15.728988, 4.8,   582
2018/10/07, 17:13:58, 41.706589, 7,   15.728978, 5.2,   582
2018/10/07, 17:13:59, 41.706604, 7,   15.728955, 4.9,   582
2018/10/07, 17:14:00, 41.706604, 7,   15.728925, 7.0,   581
2018/10/07, 17:14:01, 41.706600, 7,   15.728896, 8.3,   581
2018/10/07, 17:14:02, 41.706596, 7,   15.728856, 11.2,   581
2018/10/07, 17:14:03, 41.706581, 7,   15.728818, 11.8,   581
2018/10/07, 17:14:04, 41.706562, 7,   15.728792, 10.8,   580
2018/10/07, 17:14:05, 41.706543, 7,   15.728770, 10.2,   580
2018/10/07, 17:14:06, 41.706524, 7,   15.728738, 13.1,   580
2018/10/07, 17:14:07, 41.706501, 7,   15.728715, 13.0,   579
2018/10/07, 17:14:08, 41.706512, 7,   15.728661, 13.9,   578
2018/10/07, 17:14:09, 41.706520, 7,   15.728620, 11.8,   576
2018/10/07, 17:14:10, 41.706562, 7,   15.728586, 5.4,   574
2018/10/07, 17:14:11, 41.706608, 7,   15.728549, 7.4,   572
2018/10/07, 17:14:12, 41.706654, 7,   15.728506, 12.0,   571
2018/10/07, 17:14:13, 41.706680, 7,   15.728472, 7.1,   569
2018/10/07, 17:14:14, 41.706680, 7,   15.728424, 8.5,   567
2018/10/07, 17:14:15, 41.706734, 7,   15.728400, 8.3,   565
2018/10/07, 17:14:16, 41.706753, 7,   15.728365, 6.5,   563
2018/10/07, 17:14:17, 41.706772, 7,   15.728311, 11.2,   560
2018/10/07, 17:14:18, 41.706795, 7,   15.728250, 14.7,   558
2018/10/07, 17:14:19, 41.706810, 7,   15.728202, 13.8,   557
2018/10/07, 17:14:20, 41.706837, 7,   15.728131, 15.9,   555
2018/10/07, 17:14:21, 41.706833, 7,   15.728045, 18.8,   552
2018/10/07, 17:14:22, 41.706821, 7,   15.727961, 19.8,   551
2018/10/07, 17:14:23, 41.706818, 7,   15.727864, 21.0,   548
2018/10/07, 17:14:24, 41.706814, 7,   15.727768, 20.6,   546
2018/10/07, 17:14:25, 41.706799, 7,   15.727685, 19.8,   544
2018/10/07, 17:14:26, 41.706753, 7,   15.727626, 17.2,   542
2018/10/07, 17:14:27, 41.706764, 7,   15.727544, 18.3,   541
2018/10/07, 17:14:28, 41.706741, 7,   15.727470, 17.8,   540
2018/10/07, 17:14:29, 41.706749, 7,   15.727375, 20.3,   540
2018/10/07, 17:14:30, 41.706741, 7,   15.727298, 18.8,   540
2018/10/07, 17:14:31, 41.706749, 6,   15.727213, 19.0,   538
2018/10/07, 17:14:32, 41.706768, 7,   15.727123, 18.1,   536
2018/10/07, 17:14:33, 41.706779, 7,   15.727047, 16.4,   535
2018/10/07, 17:14:34, 41.706791, 7,   15.726973, 15.3,   535
2018/10/07, 17:14:35, 41.706818, 7,   15.726909, 12.7,   533
2018/10/07, 17:14:36, 41.706848, 7,   15.726854, 10.7,   532
2018/10/07, 17:14:37, 41.706867, 6,   15.726789, 13.6,   530
2018/10/07, 17:14:38, 41.706863, 7,   15.726739, 11.6,   527
2018/10/07, 17:14:39, 41.706852, 7,   15.726682, 13.3,   527
2018/10/07, 17:14:40, 41.706860, 6,   15.726630, 12.0,   525
2018/10/07, 17:14:41, 41.706902, 7,   15.726573, 11.4,   522
2018/10/07, 17:14:42, 41.706932, 7,   15.726486, 15.9,   519
2018/10/07, 17:14:43, 41.706974, 6,   15.726429, 14.8,   516
2018/10/07, 17:14:44, 41.707012, 7,   15.726365, 16.8,   513
2018/10/07, 17:14:45, 41.707047, 7,   15.726287, 17.0,   511
2018/10/07, 17:14:46, 41.707077, 7,   15.726218, 16.0,   511
2018/10/07, 17:14:47, 41.707092, 7,   15.726155, 13.2,   509
2018/10/07, 17:14:48, 41.707104, 7,   15.726093, 14.0,   509
2018/10/07, 17:14:49, 41.707119, 7,   15.726048, 10.6,   507
2018/10/07, 17:14:50, 41.707146, 7,   15.726011, 9.3,   508
2018/10/07, 17:14:51, 41.707195, 7,   15.725943, 11.4,   512
2018/10/07, 17:14:52, 41.707214, 7,   15.725909, 9.4,   512
2018/10/07, 17:14:53, 41.707237, 7,   15.725865, 9.4,   513
2018/10/07, 17:14:54, 41.707256, 7,   15.725811, 11.9,   514
2018/10/07, 17:14:55, 41.707256, 7,   15.725760, 10.4,   512
2018/10/07, 17:14:56, 41.707279, 7,   15.725714, 8.7,   512
2018/10/07, 17:14:57, 41.707302, 7,   15.725655, 10.8,   513
2018/10/07, 17:14:58, 41.707329, 7,   15.725603, 7.4,   514
2018/10/07, 17:14:59, 41.707367, 7,   15.725570, 9.5,   512
2018/10/07, 17:15:00, 41.707371, 7,   15.725513, 10.9,   514
2018/10/07, 17:15:01, 41.707382, 7,   15.725453, 12.3,   516
2018/10/07, 17:15:02, 41.707394, 7,   15.725394, 12.7,   518
2018/10/07, 17:15:03, 41.707378, 7,   15.725348, 9.8,   521
2018/10/07, 17:15:04, 41.707378, 7,   15.725294, 9.7,   522
2018/10/07, 17:15:05, 41.707397, 7,   15.725240, 11.1,   526
2018/10/07, 17:15:06, 41.707401, 7,   15.725180, 12.6,   529
2018/10/07, 17:15:07, 41.707401, 7,   15.725114, 14.0,   531
2018/10/07, 17:15:08, 41.707405, 7,   15.725057, 13.0,   534
2018/10/07, 17:15:09, 41.707409, 7,   15.725010, 11.0,   534
2018/10/07, 17:15:10, 41.707417, 6,   15.724962, 11.1,   533
2018/10/07, 17:15:11, 41.707413, 7,   15.724899, 11.6,   533
2018/10/07, 17:15:12, 41.707417, 7,   15.724852, 11.0,   533
2018/10/07, 17:15:13, 41.707417, 7,   15.724818, 7.7,   533
2018/10/07, 17:15:14, 41.707428, 7,   15.724783, 7.1,   533
2018/10/07, 17:15:15, 41.707417, 7,   15.724752, 5.7,   535
2018/10/07, 17:15:16, 41.707417, 7,   15.724724, 4.4,   538
2018/10/07, 17:15:17, 41.707432, 7,   15.724708, 2.7,   539
2018/10/07, 17:15:18, 41.707443, 7,   15.724691, 4.7,   541
2018/10/07, 17:15:19, 41.707466, 6,   15.724682, 5.4,   541
2018/10/07, 17:15:20, 41.707481, 7,   15.724669, 6.5,   541
2018/10/07, 17:15:21, 41.707489, 7,   15.724663, 4.9,   543
2018/10/07, 17:15:22, 41.707500, 7,   15.724651, 5.8,   543
2018/10/07, 17:15:23, 41.707512, 7,   15.724644, 5.0,   543
2018/10/07, 17:15:24, 41.707535, 6,   15.724635, 6.9,   543
2018/10/07, 17:15:25, 41.707554, 7,   15.724619, 8.3,   543
2018/10/07, 17:15:26, 41.707577, 7,   15.724611, 8.0,   543
2018/10/07, 17:15:27, 41.707607, 7,   15.724595, 9.5,   543
2018/10/07, 17:15:28, 41.707638, 7,   15.724587, 10.0,   543
2018/10/07, 17:15:29, 41.707672, 7,   15.724575, 10.5,   543
2018/10/07, 17:15:30, 41.707691, 7,   15.724569, 7.9,   543
2018/10/07, 17:15:31, 41.707710, 7,   15.724559, 6.8,   544
2018/10/07, 17:15:32, 41.707726, 7,   15.724547, 4.9,   544
2018/10/07, 17:15:33, 41.707741, 7,   15.724536, 4.5,   545
2018/10/07, 17:15:34, 41.707752, 7,   15.724504, 2.2,   548
2018/10/07, 17:15:35, 41.707760, 7,   15.724482, 0.0,   551
2018/10/07, 17:15:36, 41.707756, 7,   15.724475, 0.0,   553
2018/10/07, 17:15:37, 41.707760, 7,   15.724472, 0.0,   554
2018/10/07, 17:15:38, 41.707764, 7,   15.724460, 0.0,   555
2018/10/07, 17:15:39, 41.707771, 7,   15.724436, 0.0,   557
2018/10/07, 17:15:40, 41.707767, 6,   15.724425, 0.0,   559
2018/10/07, 17:15:41, 41.707767, 7,   15.724420, 0.0,   559
2018/10/07, 17:15:42, 41.707775, 7,   15.724416, 0.0,   559
2018/10/07, 17:15:43, 41.707783, 7,   15.724410, 0.0,   560
2018/10/07, 17:15:44, 41.707779, 7,   15.724399, 0.0,   563
2018/10/07, 17:15:45, 41.707783, 7,   15.724391, 0.0,   564
2018/10/07, 17:15:46, 41.707787, 7,   15.724391, 0.0,   565
2018/10/07, 17:15:47, 41.707787, 7,   15.724389, 0.0,   567
2018/10/07, 17:15:48, 41.707787, 7,   15.724386, 0.0,   569
2018/10/07, 17:15:49, 41.707790, 7,   15.724384, 0.0,   570
2018/10/07, 17:15:50, 41.707790, 7,   15.724381, 0.0,   572
2018/10/07, 17:15:51, 41.707794, 7,   15.724376, 0.0,   573
2018/10/07, 17:15:52, 41.707798, 7,   15.724368, 0.0,   574
2018/10/07, 17:15:53, 41.707802, 7,   15.724365, 0.0,   576
2018/10/07, 17:15:54, 41.707802, 7,   15.724361, 0.0,   577
2018/10/07, 17:15:55, 41.707806, 7,   15.724359, 0.0,   578
2018/10/07, 17:15:56, 41.707809, 7,   15.724356, 0.0,   579
2018/10/07, 17:15:57, 41.707809, 7,   15.724352, 0.0,   580
2018/10/07, 17:15:58, 41.707813, 7,   15.724351, 0.0,   581
2018/10/07, 17:15:59, 41.707813, 7,   15.724347, 0.0,   581
2018/10/07, 17:16:00, 41.707813, 7,   15.724346, 0.0,   582
2018/10/07, 17:16:01, 41.707817, 7,   15.724346, 0.0,   583
2018/10/07, 17:16:02, 41.707817, 7,   15.724346, 0.0,   584
2018/10/07, 17:16:03, 41.707821, 7,   15.724347, 0.0,   585
2018/10/07, 17:16:04, 41.707821, 8,   15.724352, 0.0,   586
2018/10/07, 17:16:05, 41.707821, 8,   15.724354, 0.0,   587
2018/10/07, 17:16:06, 41.707825, 8,   15.724357, 0.0,   588
2018/10/07, 17:16:07, 41.707825, 8,   15.724360, 0.0,   589
2018/10/07, 17:16:08, 41.707825, 8,   15.724360, 0.0,   590
2018/10/07, 17:16:09, 41.707825, 8,   15.724361, 0.0,   591
2018/10/07, 17:16:10, 41.707825, 7,   15.724361, 0.0,   591
2018/10/07, 17:16:11, 41.707825, 7,   15.724360, 0.0,   591
2018/10/07, 17:16:12, 41.707825, 8,   15.724359, 0.0,   592
2018/10/07, 17:16:13, 41.707825, 8,   15.724359, 0.0,   592
2018/10/07, 17:16:14, 41.707825, 8,   15.724359, 0.0,   593
2018/10/07, 17:16:15, 41.707825, 8,   15.724357, 0.0,   594
2018/10/07, 17:16:16, 41.707821, 8,   15.724357, 0.0,   594
2018/10/07, 17:16:17, 41.707821, 8,   15.724356, 0.0,   595
2018/10/07, 17:16:18, 41.707821, 8,   15.724354, 0.0,   595
2018/10/07, 17:16:19, 41.707817, 8,   15.724352, 0.0,   595
2018/10/07, 17:16:20, 41.707817, 8,   15.724351, 0.0,   596
2018/10/07, 17:16:21, 41.707817, 8,   15.724351, 0.0,   596
2018/10/07, 17:16:22, 41.707813, 8,   15.724349, 0.0,   596
2018/10/07, 17:16:23, 41.707817, 8,   15.724347, 0.0,   596
2018/10/07, 17:16:24, 41.707817, 8,   15.724342, 0.0,   595
2018/10/07, 17:16:25, 41.707813, 8,   15.724339, 0.0,   595
2018/10/07, 17:16:26, 41.707817, 8,   15.724337, 0.0,   595
2018/10/07, 17:16:27, 41.707817, 8,   15.724333, 0.0,   595
2018/10/07, 17:16:28, 41.707817, 8,   15.724330, 0.0,   594
2018/10/07, 17:16:29, 41.707813, 8,   15.724326, 0.0,   594
2018/10/07, 17:16:30, 41.707813, 8,   15.724325, 0.0,   594
2018/10/07, 17:16:31, 41.707813, 8,   15.724321, 0.0,   594
2018/10/07, 17:16:32, 41.707813, 8,   15.724319, 0.0,   594
2018/10/07, 17:16:33, 41.707813, 8,   15.724314, 0.0,   594
2018/10/07, 17:16:34, 41.707813, 8,   15.724311, 0.0,   594
2018/10/07, 17:16:35, 41.707813, 8,   15.724306, 0.0,   594
2018/10/07, 17:16:36, 41.707813, 8,   15.724301, 0.0,   594
2018/10/07, 17:16:37, 41.707813, 8,   15.724298, 0.0,   594
2018/10/07, 17:16:38, 41.707813, 8,   15.724295, 0.0,   594
2018/10/07, 17:16:39, 41.707813, 8,   15.724292, 0.0,   594
2018/10/07, 17:16:40, 41.707813, 8,   15.724288, 0.0,   593
2018/10/07, 17:16:41, 41.707813, 8,   15.724287, 0.0,   593
2018/10/07, 17:16:42, 41.707813, 8,   15.724285, 0.0,   593
2018/10/07, 17:16:43, 41.707813, 8,   15.724283, 0.0,   592
2018/10/07, 17:16:44, 41.707813, 8,   15.724281, 0.0,   592
2018/10/07, 17:16:45, 41.707813, 8,   15.724280, 0.0,   592
2018/10/07, 17:16:46, 41.707813, 8,   15.724278, 0.0,   591
2018/10/07, 17:16:47, 41.707813, 8,   15.724278, 0.0,   591
2018/10/07, 17:16:48, 41.707813, 8,   15.724278, 0.0,   591
2018/10/07, 17:16:49, 41.707813, 8,   15.724277, 0.0,   591
2018/10/07, 17:16:50, 41.707813, 8,   15.724277, 0.0,   591
2018/10/07, 17:16:51, 41.707813, 8,   15.724277, 0.0,   590
2018/10/07, 17:16:52, 41.707813, 8,   15.724277, 0.0,   590
2018/10/07, 17:16:53, 41.707813, 8,   15.724276, 0.0,   591
2018/10/07, 17:16:54, 41.707813, 8,   15.724274, 0.0,   591
2018/10/07, 17:16:55, 41.707813, 8,   15.724274, 0.0,   591
2018/10/07, 17:16:56, 41.707813, 8,   15.724272, 0.0,   591
2018/10/07, 17:16:57, 41.707813, 8,   15.724272, 0.0,   591
2018/10/07, 17:16:58, 41.707813, 8,   15.724272, 0.0,   591
2018/10/07, 17:16:59, 41.707813, 8,   15.724271, 0.0,   591
2018/10/07, 17:17:00, 41.707813, 8,   15.724271, 0.0,   591
2018/10/07, 17:17:01, 41.707813, 8,   15.724271, 0.0,   591
2018/10/07, 17:17:02, 41.707813, 8,   15.724271, 0.0,   591
2018/10/07, 17:17:03, 41.707813, 8,   15.724269, 0.0,   591
2018/10/07, 17:17:04, 41.707813, 8,   15.724269, 0.0,   590
2018/10/07, 17:17:05, 41.707813, 8,   15.724269, 0.0,   590
2018/10/07, 17:17:06, 41.707809, 8,   15.724272, 0.0,   591
2018/10/07, 17:17:07, 41.707809, 8,   15.724274, 0.0,   591
2018/10/07, 17:17:08, 41.707809, 8,   15.724276, 0.0,   591
2018/10/07, 17:17:09, 41.707809, 8,   15.724277, 0.0,   591
2018/10/07, 17:17:10, 41.707809, 8,   15.724276, 0.0,   591
2018/10/07, 17:17:11, 41.707809, 8,   15.724276, 0.0,   591
2018/10/07, 17:17:12, 41.707809, 8,   15.724276, 0.0,   591
2018/10/07, 17:17:13, 41.707809, 8,   15.724274, 0.0,   591
2018/10/07, 17:17:14, 41.707809, 8,   15.724272, 0.0,   591
2018/10/07, 17:17:15, 41.707806, 8,   15.724274, 0.0,   591
2018/10/07, 17:17:16, 41.707806, 8,   15.724276, 0.0,   592
2018/10/07, 17:17:17, 41.707802, 8,   15.724278, 0.0,   592
2018/10/07, 17:17:18, 41.707802, 8,   15.724280, 0.0,   592
2018/10/07, 17:17:19, 41.707802, 8,   15.724278, 0.0,   592
2018/10/07, 17:17:20, 41.707802, 8,   15.724278, 0.0,   592
2018/10/07, 17:17:21, 41.707802, 8,   15.724278, 0.0,   592
2018/10/07, 17:17:22, 41.707802, 8,   15.724280, 0.0,   592
2018/10/07, 17:17:23, 41.707798, 8,   15.724281, 0.0,   592
2018/10/07, 17:17:24, 41.707798, 8,   15.724283, 0.0,   592
2018/10/07, 17:17:25, 41.707798, 8,   15.724285, 0.0,   592
2018/10/07, 17:17:26, 41.707798, 8,   15.724283, 0.0,   592
2018/10/07, 17:17:27, 41.707798, 8,   15.724285, 0.0,   592
2018/10/07, 17:17:28, 41.707798, 8,   15.724287, 0.0,   592
2018/10/07, 17:17:29, 41.707794, 8,   15.724288, 0.0,   593
2018/10/07, 17:17:30, 41.707794, 8,   15.724288, 0.0,   593
2018/10/07, 17:17:31, 41.707794, 8,   15.724288, 0.0,   593
2018/10/07, 17:17:32, 41.707794, 8,   15.724288, 0.0,   593
2018/10/07, 17:17:33, 41.707794, 8,   15.724287, 0.0,   593
2018/10/07, 17:17:34, 41.707794, 8,   15.724285, 0.0,   593
2018/10/07, 17:17:35, 41.707794, 8,   15.724281, 0.0,   593
2018/10/07, 17:17:36, 41.707794, 8,   15.724280, 0.0,   593
2018/10/07, 17:17:37, 41.707794, 8,   15.724277, 0.0,   593
2018/10/07, 17:17:38, 41.707794, 8,   15.724276, 0.0,   593
2018/10/07, 17:17:39, 41.707794, 8,   15.724272, 0.0,   593
2018/10/07, 17:17:40, 41.707798, 8,   15.724271, 0.0,   593
2018/10/07, 17:17:41, 41.707798, 8,   15.724269, 0.0,   593
2018/10/07, 17:17:42, 41.707798, 8,   15.724267, 0.0,   593
2018/10/07, 17:17:43, 41.707798, 8,   15.724267, 0.0,   593
2018/10/07, 17:17:44, 41.707798, 7,   15.724266, 0.0,   593
2018/10/07, 17:17:45, 41.707798, 7,   15.724264, 0.0,   593
2018/10/07, 17:17:46, 41.707802, 7,   15.724262, 0.0,   593
2018/10/07, 17:17:47, 41.707802, 8,   15.724261, 0.0,   593
2018/10/07, 17:17:48, 41.707802, 8,   15.724261, 0.0,   593
2018/10/07, 17:17:49, 41.707802, 7,   15.724259, 0.0,   593
2018/10/07, 17:17:50, 41.707802, 7,   15.724259, 0.0,   593
2018/10/07, 17:17:51, 41.707802, 7,   15.724257, 0.0,   593
2018/10/07, 17:17:52, 41.707802, 7,   15.724257, 0.0,   592
2018/10/07, 17:17:53, 41.707806, 7,   15.724257, 0.0,   592
2018/10/07, 17:17:54, 41.707806, 7,   15.724257, 0.0,   592
2018/10/07, 17:17:55, 41.707806, 7,   15.724255, 0.0,   592
2018/10/07, 17:17:56, 41.707806, 7,   15.724255, 0.0,   592
2018/10/07, 17:17:57, 41.707806, 7,   15.724253, 0.0,   592
2018/10/07, 17:17:58, 41.707806, 7,   15.724253, 0.0,   592
2018/10/07, 17:17:59, 41.707806, 7,   15.724252, 0.0,   592
2018/10/07, 17:18:00, 41.707806, 7,   15.724252, 0.0,   592
2018/10/07, 17:18:01, 41.707809, 7,   15.724250, 0.0,   592
2018/10/07, 17:18:02, 41.707809, 8,   15.724250, 0.0,   592
2018/10/07, 17:18:03, 41.707809, 8,   15.724248, 0.0,   592
2018/10/07, 17:18:04, 41.707809, 8,   15.724248, 0.0,   592
2018/10/07, 17:18:05, 41.707809, 8,   15.724248, 0.0,   592
2018/10/07, 17:18:06, 41.707809, 8,   15.724248, 0.0,   592
2018/10/07, 17:18:07, 41.707809, 8,   15.724248, 0.0,   592
2018/10/07, 17:18:08, 41.707809, 8,   15.724247, 0.0,   592
2018/10/07, 17:18:09, 41.707809, 8,   15.724247, 0.0,   592
2018/10/07, 17:18:10, 41.707809, 8,   15.724245, 0.0,   592
2018/10/07, 17:18:11, 41.707809, 8,   15.724245, 0.0,   592
2018/10/07, 17:18:12, 41.707809, 8,   15.724245, 0.0,   592
2018/10/07, 17:18:13, 41.707809, 8,   15.724245, 0.0,   592
2018/10/07, 17:18:14, 41.707806, 8,   15.724243, 0.0,   593
2018/10/07, 17:18:15, 41.707806, 8,   15.724242, 0.0,   593
2018/10/07, 17:18:16, 41.707806, 8,   15.724240, 0.0,   593
2018/10/07, 17:18:17, 41.707806, 8,   15.724240, 0.0,   593
2018/10/07, 17:18:18, 41.707806, 8,   15.724238, 0.0,   593
2018/10/07, 17:18:19, 41.707806, 8,   15.724238, 0.0,   593
2018/10/07, 17:18:20, 41.707806, 8,   15.724237, 0.0,   593
2018/10/07, 17:18:21, 41.707806, 8,   15.724236, 0.0,   593
2018/10/07, 17:18:22, 41.707806, 8,   15.724236, 0.0,   593
2018/10/07, 17:18:23, 41.707798, 9,   15.724242, 0.0,   594
2018/10/07, 17:18:24, 41.707794, 9,   15.724250, 0.0,   595
2018/10/07, 17:18:25, 41.707790, 9,   15.724255, 0.0,   596
2018/10/07, 17:18:26, 41.707783, 9,   15.724261, 0.0,   597
2018/10/07, 17:18:27, 41.707779, 9,   15.724264, 0.0,   597
2018/10/07, 17:18:28, 41.707775, 9,   15.724269, 0.0,   597
2018/10/07, 17:18:29, 41.707775, 9,   15.724274, 0.0,   598
2018/10/07, 17:18:30, 41.707771, 9,   15.724277, 0.0,   598
2018/10/07, 17:18:31, 41.707767, 8,   15.724281, 0.0,   599
2018/10/07, 17:18:32, 41.707764, 8,   15.724288, 0.0,   599
2018/10/07, 17:18:33, 41.707760, 8,   15.724293, 0.0,   599
2018/10/07, 17:18:34, 41.707760, 8,   15.724297, 0.0,   599
2018/10/07, 17:18:35, 41.707756, 8,   15.724301, 0.0,   599
2018/10/07, 17:18:36, 41.707752, 8,   15.724306, 0.0,   600
2018/10/07, 17:18:37, 41.707752, 8,   15.724309, 0.0,   600
2018/10/07, 17:18:38, 41.707752, 8,   15.724314, 0.0,   600
2018/10/07, 17:18:39, 41.707752, 8,   15.724317, 0.0,   600
2018/10/07, 17:18:40, 41.707748, 8,   15.724320, 0.0,   600
2018/10/07, 17:18:41, 41.707748, 9,   15.724321, 0.0,   600
2018/10/07, 17:18:42, 41.707748, 9,   15.724323, 0.0,   600
2018/10/07, 17:18:43, 41.707745, 9,   15.724326, 0.0,   600
2018/10/07, 17:18:44, 41.707745, 9,   15.724328, 0.0,   600
2018/10/07, 17:18:45, 41.707745, 9,   15.724330, 0.0,   600
2018/10/07, 17:18:46, 41.707745, 9,   15.724330, 0.0,   600
2018/10/07, 17:18:47, 41.707741, 9,   15.724332, 0.0,   600
2018/10/07, 17:18:48, 41.707741, 9,   15.724333, 0.0,   600
2018/10/07, 17:18:49, 41.707741, 9,   15.724335, 0.0,   600
2018/10/07, 17:18:50, 41.707741, 9,   15.724337, 0.0,   600
2018/10/07, 17:18:51, 41.707741, 9,   15.724338, 0.0,   600
2018/10/07, 17:18:52, 41.707741, 9,   15.724339, 0.0,   600
2018/10/07, 17:18:53, 41.707741, 9,   15.724339, 0.0,   600
2018/10/07, 17:18:54, 41.707741, 9,   15.724341, 0.0,   600
2018/10/07, 17:18:55, 41.707741, 8,   15.724341, 0.0,   600
2018/10/07, 17:18:56, 41.707737, 8,   15.724342, 0.0,   600
2018/10/07, 17:18:57, 41.707737, 8,   15.724344, 0.0,   600
2018/10/07, 17:18:58, 41.707737, 8,   15.724346, 0.0,   600
2018/10/07, 17:18:59, 41.707737, 8,   15.724347, 0.0,   600
2018/10/07, 17:19:00, 41.707737, 8,   15.724349, 0.0,   599
2018/10/07, 17:19:01, 41.707741, 8,   15.724349, 0.0,   599
2018/10/07, 17:19:02, 41.707741, 8,   15.724349, 0.0,   599
2018/10/07, 17:19:03, 41.707741, 8,   15.724351, 0.0,   599
2018/10/07, 17:19:04, 41.707741, 8,   15.724351, 0.0,   599
2018/10/07, 17:19:05, 41.707741, 8,   15.724351, 0.0,   599
2018/10/07, 17:19:06, 41.707745, 8,   15.724351, 0.0,   599
2018/10/07, 17:19:07, 41.707745, 8,   15.724351, 0.0,   599
2018/10/07, 17:19:08, 41.707745, 8,   15.724352, 0.0,   598
2018/10/07, 17:19:09, 41.707745, 9,   15.724354, 0.0,   598
2018/10/07, 17:19:10, 41.707745, 9,   15.724356, 0.0,   598
2018/10/07, 17:19:11, 41.707745, 9,   15.724357, 0.0,   598
2018/10/07, 17:19:12, 41.707748, 9,   15.724357, 0.0,   598
2018/10/07, 17:19:13, 41.707748, 9,   15.724357, 0.0,   597
2018/10/07, 17:19:14, 41.707748, 9,   15.724357, 0.0,   597
2018/10/07, 17:19:15, 41.707748, 9,   15.724357, 0.0,   597
2018/10/07, 17:19:16, 41.707748, 9,   15.724357, 0.0,   597
2018/10/07, 17:19:17, 41.707752, 9,   15.724356, 0.0,   597
2018/10/07, 17:19:18, 41.707752, 9,   15.724354, 0.0,   597
2018/10/07, 17:19:19, 41.707752, 9,   15.724352, 0.0,   597
2018/10/07, 17:19:20, 41.707752, 9,   15.724352, 0.0,   597
2018/10/07, 17:19:21, 41.707752, 9,   15.724352, 0.0,   597
2018/10/07, 17:19:22, 41.707752, 9,   15.724351, 0.0,   597
2018/10/07, 17:19:23, 41.707752, 9,   15.724351, 0.0,   597
2018/10/07, 17:19:24, 41.707752, 9,   15.724351, 0.0,   597
2018/10/07, 17:19:25, 41.707752, 9,   15.724349, 0.0,   597
2018/10/07, 17:19:26, 41.707752, 9,   15.724349, 0.0,   597
2018/10/07, 17:19:27, 41.707752, 9,   15.724349, 0.0,   597
2018/10/07, 17:19:28, 41.707756, 8,   15.724347, 0.0,   597
2018/10/07, 17:19:29, 41.707756, 8,   15.724347, 0.0,   596
2018/10/07, 17:19:30, 41.707756, 8,   15.724347, 0.0,   596
2018/10/07, 17:19:31, 41.707756, 8,   15.724347, 0.0,   596
2018/10/07, 17:19:32, 41.707756, 8,   15.724347, 0.0,   596
2018/10/07, 17:19:33, 41.707756, 8,   15.724349, 0.0,   596
2018/10/07, 17:19:34, 41.707756, 8,   15.724349, 0.0,   596
2018/10/07, 17:19:35, 41.707756, 9,   15.724349, 0.0,   596
2018/10/07, 17:19:36, 41.707756, 9,   15.724349, 0.0,   596
2018/10/07, 17:19:37, 41.707756, 9,   15.724349, 0.0,   596
2018/10/07, 17:19:38, 41.707756, 9,   15.724349, 0.0,   596
2018/10/07, 17:19:39, 41.707756, 9,   15.724351, 0.0,   596
2018/10/07, 17:19:40, 41.707756, 9,   15.724351, 0.0,   596
2018/10/07, 17:19:41, 41.707756, 9,   15.724352, 0.0,   596
2018/10/07, 17:19:42, 41.707752, 9,   15.724352, 0.0,   596
2018/10/07, 17:19:43, 41.707752, 9,   15.724352, 0.0,   596
2018/10/07, 17:19:44, 41.707767, 9,   15.724347, 0.0,   594
2018/10/07, 17:19:45, 41.707771, 9,   15.724335, 2.3,   593
2018/10/07, 17:19:46, 41.707771, 9,   15.724341, 2.3,   593
2018/10/07, 17:19:47, 41.707775, 9,   15.724347, 0.0,   592
2018/10/07, 17:19:48, 41.707775, 9,   15.724356, 0.0,   592
2018/10/07, 17:19:49, 41.707775, 9,   15.724352, 0.0,   592
2018/10/07, 17:19:50, 41.707775, 9,   15.724357, 0.0,   592
2018/10/07, 17:19:51, 41.707764, 9,   15.724370, 0.0,   593
2018/10/07, 17:19:52, 41.707760, 9,   15.724363, 2.7,   592
2018/10/07, 17:19:53, 41.707752, 9,   15.724359, 0.0,   592
2018/10/07, 17:19:54, 41.707745, 9,   15.724359, 4.0,   592
2018/10/07, 17:19:55, 41.707737, 9,   15.724357, 2.3,   590
2018/10/07, 17:19:56, 41.707726, 9,   15.724365, 5.0,   590
2018/10/07, 17:19:57, 41.707706, 9,   15.724378, 9.5,   588
2018/10/07, 17:19:58, 41.707695, 9,   15.724391, 6.6,   585
2018/10/07, 17:19:59, 41.707676, 9,   15.724392, 7.0,   582
2018/10/07, 17:20:00, 41.707645, 9,   15.724396, 9.8,   580
2018/10/07, 17:20:01, 41.707611, 9,   15.724410, 11.9,   579
2018/10/07, 17:20:02, 41.707588, 9,   15.724411, 8.0,   576
2018/10/07, 17:20:03, 41.707569, 9,   15.724436, 8.8,   572
2018/10/07, 17:20:04, 41.707558, 9,   15.724460, 6.0,   568
2018/10/07, 17:20:05, 41.707554, 9,   15.724482, 5.0,   566
2018/10/07, 17:20:06, 41.707535, 9,   15.724488, 2.1,   565
2018/10/07, 17:20:07, 41.707520, 9,   15.724491, 2.0,   568
2018/10/07, 17:20:08, 41.707508, 9,   15.724490, 0.0,   568
2018/10/07, 17:20:09, 41.707485, 9,   15.724470, 4.0,   568
2018/10/07, 17:20:10, 41.707478, 9,   15.724443, 5.1,   566
2018/10/07, 17:20:11, 41.707474, 9,   15.724405, 9.1,   563
2018/10/07, 17:20:12, 41.707478, 9,   15.724366, 9.2,   561
2018/10/07, 17:20:13, 41.707478, 8,   15.724339, 5.1,   558
2018/10/07, 17:20:14, 41.707470, 9,   15.724299, 7.0,   557
2018/10/07, 17:20:15, 41.707478, 9,   15.724283, 7.3,   555
2018/10/07, 17:20:16, 41.707478, 9,   15.724259, 6.4,   554
2018/10/07, 17:20:17, 41.707478, 9,   15.724213, 8.2,   551
2018/10/07, 17:20:18, 41.707470, 9,   15.724167, 7.7,   548
2018/10/07, 17:20:19, 41.707451, 9,   15.724127, 4.7,   548
2018/10/07, 17:20:20, 41.707455, 9,   15.724103, 4.9,   543
2018/10/07, 17:20:21, 41.707455, 9,   15.724075, 5.7,   541
2018/10/07, 17:20:22, 41.707455, 9,   15.724040, 7.3,   537
2018/10/07, 17:20:23, 41.707455, 9,   15.724016, 6.0,   535
2018/10/07, 17:20:24, 41.707455, 9,   15.723984, 6.2,   535
2018/10/07, 17:20:25, 41.707451, 9,   15.723964, 4.9,   533
2018/10/07, 17:20:26, 41.707455, 9,   15.723931, 5.2,   529
2018/10/07, 17:20:27, 41.707455, 8,   15.723898, 5.9,   527
2018/10/07, 17:20:28, 41.707458, 9,   15.723866, 6.9,   525
2018/10/07, 17:20:29, 41.707443, 9,   15.723835, 7.2,   526
2018/10/07, 17:20:30, 41.707436, 9,   15.723797, 8.0,   524
2018/10/07, 17:20:31, 41.707439, 8,   15.723761, 8.2,   523
2018/10/07, 17:20:32, 41.707436, 9,   15.723717, 8.5,   521
2018/10/07, 17:20:33, 41.707443, 9,   15.723658, 10.5,   521
2018/10/07, 17:20:34, 41.707436, 9,   15.723596, 10.5,   522
2018/10/07, 17:20:35, 41.707424, 9,   15.723530, 10.6,   524
2018/10/07, 17:20:36, 41.707417, 9,   15.723466, 10.0,   526
2018/10/07, 17:20:37, 41.707420, 9,   15.723428, 8.6,   527
2018/10/07, 17:20:38, 41.707432, 9,   15.723381, 8.9,   528
2018/10/07, 17:20:39, 41.707428, 9,   15.723330, 8.1,   530
2018/10/07, 17:20:40, 41.707424, 9,   15.723289, 7.5,   530
2018/10/07, 17:20:41, 41.707417, 9,   15.723261, 4.9,   532
2018/10/07, 17:20:42, 41.707417, 9,   15.723218, 6.2,   533
2018/10/07, 17:20:43, 41.707417, 9,   15.723157, 8.5,   536
2018/10/07, 17:20:44, 41.707417, 9,   15.723122, 6.7,   535
2018/10/07, 17:20:45, 41.707405, 9,   15.723061, 7.3,   536
2018/10/07, 17:20:46, 41.707386, 9,   15.723010, 6.3,   539
2018/10/07, 17:20:47, 41.707378, 9,   15.722956, 5.7,   540
2018/10/07, 17:20:48, 41.707371, 9,   15.722904, 6.1,   542
2018/10/07, 17:20:49, 41.707359, 9,   15.722831, 7.0,   545
2018/10/07, 17:20:50, 41.707352, 9,   15.722770, 7.9,   547
2018/10/07, 17:20:51, 41.707340, 9,   15.722711, 9.0,   548
2018/10/07, 17:20:52, 41.707336, 9,   15.722663, 8.6,   549
2018/10/07, 17:20:53, 41.707336, 9,   15.722613, 5.4,   550
2018/10/07, 17:20:54, 41.707336, 9,   15.722557, 6.0,   549
2018/10/07, 17:20:55, 41.707325, 9,   15.722506, 7.8,   551
2018/10/07, 17:20:56, 41.707302, 9,   15.722466, 7.9,   554
2018/10/07, 17:20:57, 41.707283, 9,   15.722425, 7.6,   556
2018/10/07, 17:20:58, 41.707275, 8,   15.722380, 7.8,   558
2018/10/07, 17:20:59, 41.707272, 9,   15.722336, 7.6,   558
2018/10/07, 17:21:00, 41.707275, 9,   15.722290, 8.7,   559
2018/10/07, 17:21:01, 41.707283, 9,   15.722248, 9.3,   559
2018/10/07, 17:21:02, 41.707275, 9,   15.722229, 4.6,   559
2018/10/07, 17:21:03, 41.707268, 9,   15.722194, 7.1,   559
2018/10/07, 17:21:04, 41.707272, 9,   15.722151, 8.7,   559
2018/10/07, 17:21:05, 41.707287, 9,   15.722104, 9.6,   557
2018/10/07, 17:21:06, 41.707291, 9,   15.722050, 12.0,   557
2018/10/07, 17:21:07, 41.707298, 9,   15.721997, 12.1,   556
2018/10/07, 17:21:08, 41.707302, 9,   15.721949, 10.9,   556
2018/10/07, 17:21:09, 41.707302, 9,   15.721898, 11.6,   555
2018/10/07, 17:21:10, 41.707302, 9,   15.721849, 11.2,   555
2018/10/07, 17:21:11, 41.707302, 9,   15.721800, 12.5,   554
2018/10/07, 17:21:12, 41.707298, 9,   15.721747, 13.8,   555
2018/10/07, 17:21:13, 41.707283, 9,   15.721709, 11.6,   557
2018/10/07, 17:21:14, 41.707264, 9,   15.721672, 10.6,   559
2018/10/07, 17:21:15, 41.707256, 9,   15.721639, 8.1,   558
2018/10/07, 17:21:16, 41.707249, 9,   15.721608, 6.8,   558
2018/10/07, 17:21:17, 41.707233, 9,   15.721568, 8.6,   558
2018/10/07, 17:21:18, 41.707226, 9,   15.721523, 8.4,   558
2018/10/07, 17:21:19, 41.707211, 9,   15.721478, 9.8,   557
2018/10/07, 17:21:20, 41.707188, 9,   15.721427, 12.4,   558
2018/10/07, 17:21:21, 41.707165, 9,   15.721386, 11.2,   559
2018/10/07, 17:21:22, 41.707150, 9,   15.721337, 11.1,   560
2018/10/07, 17:21:23, 41.707138, 9,   15.721306, 7.9,   559
2018/10/07, 17:21:24, 41.707119, 9,   15.721256, 10.7,   559
2018/10/07, 17:21:25, 41.707108, 9,   15.721199, 12.2,   559
2018/10/07, 17:21:26, 41.707104, 9,   15.721152, 9.8,   559
2018/10/07, 17:21:27, 41.707100, 9,   15.721110, 9.8,   560
2018/10/07, 17:21:28, 41.707104, 9,   15.721063, 9.8,   560
2018/10/07, 17:21:29, 41.707100, 8,   15.721027, 7.5,   560
2018/10/07, 17:21:30, 41.707096, 9,   15.720981, 9.6,   561
2018/10/07, 17:21:31, 41.707081, 9,   15.720945, 8.9,   564
2018/10/07, 17:21:32, 41.707077, 9,   15.720909, 6.9,   565
2018/10/07, 17:21:33, 41.707077, 9,   15.720881, 4.9,   567
2018/10/07, 17:21:34, 41.707073, 9,   15.720843, 6.0,   568
2018/10/07, 17:21:35, 41.707077, 9,   15.720815, 6.1,   569
2018/10/07, 17:21:36, 41.707077, 9,   15.720777, 8.1,   569
2018/10/07, 17:21:37, 41.707077, 9,   15.720747, 6.4,   569
2018/10/07, 17:21:38, 41.707096, 9,   15.720723, 6.5,   568
2018/10/07, 17:21:39, 41.707104, 9,   15.720687, 8.4,   568
2018/10/07, 17:21:40, 41.707115, 9,   15.720647, 10.1,   569
2018/10/07, 17:21:41, 41.707123, 9,   15.720616, 8.9,   570
2018/10/07, 17:21:42, 41.707134, 9,   15.720581, 9.5,   569
2018/10/07, 17:21:43, 41.707142, 9,   15.720548, 9.5,   570
2018/10/07, 17:21:44, 41.707142, 9,   15.720496, 10.7,   570
2018/10/07, 17:21:45, 41.707142, 9,   15.720449, 10.8,   570
2018/10/07, 17:21:46, 41.707146, 9,   15.720405, 10.5,   570
2018/10/07, 17:21:47, 41.707146, 8,   15.720374, 7.4,   570
2018/10/07, 17:21:48, 41.707157, 9,   15.720338, 8.7,   570
2018/10/07, 17:21:49, 41.707161, 9,   15.720303, 7.8,   571
2018/10/07, 17:21:50, 41.707165, 9,   15.720270, 7.0,   571
2018/10/07, 17:21:51, 41.707169, 9,   15.720225, 9.3,   571
2018/10/07, 17:21:52, 41.707176, 9,   15.720187, 9.4,   570
2018/10/07, 17:21:53, 41.707188, 9,   15.720160, 7.7,   570
2018/10/07, 17:21:54, 41.707199, 9,   15.720126, 8.6,   570
2018/10/07, 17:21:55, 41.707211, 9,   15.720093, 7.2,   571
2018/10/07, 17:21:56, 41.707222, 9,   15.720055, 7.7,   571
2018/10/07, 17:21:57, 41.707230, 9,   15.720026, 6.0,   572
2018/10/07, 17:21:58, 41.707241, 9,   15.719997, 7.4,   572
2018/10/07, 17:21:59, 41.707256, 9,   15.719972, 7.4,   571
2018/10/07, 17:22:00, 41.707272, 9,   15.719943, 8.6,   571
2018/10/07, 17:22:01, 41.707275, 9,   15.719908, 6.8,   571
2018/10/07, 17:22:02, 41.707298, 9,   15.719875, 11.2,   570
2018/10/07, 17:22:03, 41.707314, 9,   15.719842, 7.9,   569
2018/10/07, 17:22:04, 41.707325, 9,   15.719805, 7.7,   568
2018/10/07, 17:22:05, 41.707333, 9,   15.719774, 5.9,   568
2018/10/07, 17:22:06, 41.707336, 9,   15.719741, 6.3,   568
2018/10/07, 17:22:07, 41.707340, 9,   15.719707, 7.4,   568
2018/10/07, 17:22:08, 41.707355, 9,   15.719677, 8.3,   568
2018/10/07, 17:22:09, 41.707371, 9,   15.719648, 7.9,   568
2018/10/07, 17:22:10, 41.707386, 9,   15.719616, 8.2,   568
2018/10/07, 17:22:11, 41.707397, 9,   15.719583, 7.6,   568
2018/10/07, 17:22:12, 41.707405, 9,   15.719550, 6.9,   568
2018/10/07, 17:22:13, 41.707420, 9,   15.719522, 7.1,   569
2018/10/07, 17:22:14, 41.707439, 9,   15.719500, 6.1,   569
2018/10/07, 17:22:15, 41.707447, 9,   15.719460, 7.7,   568
2018/10/07, 17:22:16, 41.707458, 9,   15.719431, 8.0,   568
2018/10/07, 17:22:17, 41.707478, 9,   15.719412, 7.3,   567
2018/10/07, 17:22:18, 41.707500, 9,   15.719389, 9.5,   567
2018/10/07, 17:22:19, 41.707520, 9,   15.719365, 8.8,   567
2018/10/07, 17:22:20, 41.707542, 9,   15.719347, 7.6,   567
2018/10/07, 17:22:21, 41.707558, 9,   15.719327, 6.7,   567
2018/10/07, 17:22:22, 41.707573, 9,   15.719306, 6.3,   566
2018/10/07, 17:22:23, 41.707592, 9,   15.719282, 6.1,   566
2018/10/07, 17:22:24, 41.707592, 9,   15.719250, 6.0,   566
2018/10/07, 17:22:25, 41.707596, 9,   15.719221, 6.4,   566
2018/10/07, 17:22:26, 41.707615, 9,   15.719198, 7.2,   565
2018/10/07, 17:22:27, 41.707634, 9,   15.719168, 8.6,   565
2018/10/07, 17:22:28, 41.707645, 9,   15.719136, 7.3,   565
2018/10/07, 17:22:29, 41.707668, 9,   15.719113, 8.4,   564
2018/10/07, 17:22:30, 41.707687, 9,   15.719090, 8.6,   564
2018/10/07, 17:22:31, 41.707706, 9,   15.719061, 8.6,   564
2018/10/07, 17:22:32, 41.707718, 9,   15.719034, 7.6,   564
2018/10/07, 17:22:33, 41.707733, 9,   15.719005, 7.7,   564
2018/10/07, 17:22:34, 41.707748, 9,   15.718980, 6.4,   564
2018/10/07, 17:22:35, 41.707764, 9,   15.718959, 7.4,   564
2018/10/07, 17:22:36, 41.707779, 9,   15.718935, 7.8,   564
2018/10/07, 17:22:37, 41.707798, 9,   15.718910, 8.0,   564
2018/10/07, 17:22:38, 41.707813, 9,   15.718890, 8.5,   564
2018/10/07, 17:22:39, 41.707836, 9,   15.718864, 8.2,   563
2018/10/07, 17:22:40, 41.707851, 9,   15.718837, 9.1,   564
2018/10/07, 17:22:41, 41.707874, 9,   15.718811, 8.8,   564
2018/10/07, 17:22:42, 41.707893, 9,   15.718786, 8.7,   564
2018/10/07, 17:22:43, 41.707912, 9,   15.718756, 8.7,   566
2018/10/07, 17:22:44, 41.707932, 9,   15.718731, 8.6,   566
2018/10/07, 17:22:45, 41.707951, 9,   15.718709, 8.8,   565
2018/10/07, 17:22:46, 41.707970, 9,   15.718681, 9.4,   566
2018/10/07, 17:22:47, 41.707989, 9,   15.718657, 9.2,   566
2018/10/07, 17:22:48, 41.708012, 9,   15.718631, 9.3,   568
2018/10/07, 17:22:49, 41.708031, 9,   15.718600, 8.9,   569
2018/10/07, 17:22:50, 41.708046, 9,   15.718567, 9.2,   570
2018/10/07, 17:22:51, 41.708061, 9,   15.718534, 9.7,   570
2018/10/07, 17:22:52, 41.708073, 9,   15.718503, 9.2,   571
2018/10/07, 17:22:53, 41.708092, 9,   15.718471, 9.4,   572
2018/10/07, 17:22:54, 41.708111, 9,   15.718438, 9.5,   573
2018/10/07, 17:22:55, 41.708130, 9,   15.718409, 9.2,   575
2018/10/07, 17:22:56, 41.708149, 9,   15.718376, 9.0,   577
2018/10/07, 17:22:57, 41.708164, 9,   15.718343, 9.3,   578
2018/10/07, 17:22:58, 41.708179, 9,   15.718314, 9.2,   579
2018/10/07, 17:22:59, 41.708191, 9,   15.718282, 9.1,   579
2018/10/07, 17:23:00, 41.708202, 9,   15.718248, 9.4,   579
2018/10/07, 17:23:01, 41.708214, 9,   15.718211, 11.0,   580
2018/10/07, 17:23:02, 41.708229, 9,   15.718173, 10.3,   581
2018/10/07, 17:23:03, 41.708229, 9,   15.718133, 11.3,   581
2018/10/07, 17:23:04, 41.708241, 9,   15.718095, 11.8,   580
2018/10/07, 17:23:05, 41.708248, 9,   15.718056, 11.0,   580
2018/10/07, 17:23:06, 41.708256, 9,   15.718019, 10.6,   580
2018/10/07, 17:23:07, 41.708260, 9,   15.717984, 9.9,   581
2018/10/07, 17:23:08, 41.708263, 9,   15.717947, 10.0,   581
2018/10/07, 17:23:09, 41.708263, 9,   15.717899, 12.5,   581
2018/10/07, 17:23:10, 41.708271, 9,   15.717848, 14.0,   581
2018/10/07, 17:23:11, 41.708271, 9,   15.717803, 12.6,   581
2018/10/07, 17:23:12, 41.708279, 8,   15.717762, 11.7,   581
2018/10/07, 17:23:13, 41.708282, 9,   15.717713, 12.7,   581
2018/10/07, 17:23:14, 41.708290, 9,   15.717674, 11.1,   581
2018/10/07, 17:23:15, 41.708298, 9,   15.717629, 12.1,   581
2018/10/07, 17:23:16, 41.708302, 9,   15.717586, 11.9,   581
2018/10/07, 17:23:17, 41.708305, 9,   15.717535, 14.3,   582
2018/10/07, 17:23:18, 41.708305, 9,   15.717495, 11.0,   582
2018/10/07, 17:23:19, 41.708302, 9,   15.717464, 8.9,   582
2018/10/07, 17:23:20, 41.708294, 9,   15.717429, 8.6,   582
2018/10/07, 17:23:21, 41.708290, 9,   15.717399, 8.1,   582
2018/10/07, 17:23:22, 41.708279, 9,   15.717361, 9.1,   582
2018/10/07, 17:23:23, 41.708275, 9,   15.717326, 8.4,   582
2018/10/07, 17:23:24, 41.708267, 9,   15.717298, 6.6,   582
2018/10/07, 17:23:25, 41.708267, 9,   15.717262, 7.1,   582
2018/10/07, 17:23:26, 41.708271, 9,   15.717231, 7.3,   582
2018/10/07, 17:23:27, 41.708271, 9,   15.717198, 7.2,   582
2018/10/07, 17:23:28, 41.708271, 9,   15.717158, 9.5,   581
2018/10/07, 17:23:29, 41.708275, 9,   15.717113, 9.7,   580
2018/10/07, 17:23:30, 41.708290, 9,   15.717072, 9.6,   580
2018/10/07, 17:23:31, 41.708309, 9,   15.717026, 10.0,   579
2018/10/07, 17:23:32, 41.708309, 9,   15.716974, 10.8,   579
2018/10/07, 17:23:33, 41.708309, 9,   15.716928, 10.6,   578
2018/10/07, 17:23:34, 41.708309, 9,   15.716889, 8.7,   578
2018/10/07, 17:23:35, 41.708305, 9,   15.716858, 6.2,   578
2018/10/07, 17:23:36, 41.708309, 9,   15.716821, 6.3,   578
2018/10/07, 17:23:37, 41.708309, 9,   15.716787, 7.0,   577
2018/10/07, 17:23:38, 41.708309, 9,   15.716733, 9.5,   577
2018/10/07, 17:23:39, 41.708313, 9,   15.716683, 10.1,   577
2018/10/07, 17:23:40, 41.708321, 9,   15.716629, 10.4,   576
2018/10/07, 17:23:41, 41.708317, 9,   15.716575, 11.2,   576
2018/10/07, 17:23:42, 41.708317, 9,   15.716525, 10.3,   575
2018/10/07, 17:23:43, 41.708309, 9,   15.716464, 11.0,   575
2018/10/07, 17:23:44, 41.708290, 9,   15.716419, 10.3,   575
2018/10/07, 17:23:45, 41.708286, 9,   15.716362, 10.8,   576
2018/10/07, 17:23:46, 41.708279, 9,   15.716320, 8.4,   577
2018/10/07, 17:23:47, 41.708279, 9,   15.716289, 7.5,   576
2018/10/07, 17:23:48, 41.708282, 9,   15.716228, 10.4,   576
2018/10/07, 17:23:49, 41.708279, 9,   15.716171, 10.3,   576
2018/10/07, 17:23:50, 41.708279, 9,   15.716120, 10.6,   576
2018/10/07, 17:23:51, 41.708275, 9,   15.716069, 8.2,   577
2018/10/07, 17:23:52, 41.708271, 9,   15.716024, 7.7,   578
2018/10/07, 17:23:53, 41.708267, 9,   15.715971, 8.7,   579
2018/10/07, 17:23:54, 41.708263, 9,   15.715914, 10.3,   579
2018/10/07, 17:23:55, 41.708263, 9,   15.715850, 10.1,   580
2018/10/07, 17:23:56, 41.708271, 9,   15.715779, 10.9,   580
2018/10/07, 17:23:57, 41.708275, 9,   15.715722, 10.0,   580
2018/10/07, 17:23:58, 41.708282, 9,   15.715663, 8.4,   581
2018/10/07, 17:23:59, 41.708286, 9,   15.715599, 8.9,   583
2018/10/07, 17:24:00, 41.708290, 9,   15.715548, 8.5,   583
2018/10/07, 17:24:01, 41.708290, 9,   15.715499, 7.4,   585
2018/10/07, 17:24:02, 41.708290, 9,   15.715451, 7.1,   586
2018/10/07, 17:24:03, 41.708290, 9,   15.715413, 6.4,   588
2018/10/07, 17:24:04, 41.708290, 9,   15.715373, 6.5,   590
2018/10/07, 17:24:05, 41.708286, 9,   15.715335, 5.4,   592
2018/10/07, 17:24:06, 41.708286, 9,   15.715304, 5.2,   594
2018/10/07, 17:24:07, 41.708279, 9,   15.715277, 4.8,   595
2018/10/07, 17:24:08, 41.708279, 9,   15.715250, 5.4,   596
2018/10/07, 17:24:09, 41.708279, 9,   15.715229, 4.7,   596
2018/10/07, 17:24:10, 41.708279, 9,   15.715206, 4.9,   596
2018/10/07, 17:24:11, 41.708282, 9,   15.715177, 5.5,   597
2018/10/07, 17:24:12, 41.708282, 9,   15.715152, 5.7,   598
2018/10/07, 17:24:13, 41.708290, 9,   15.715127, 5.4,   599
2018/10/07, 17:24:14, 41.708290, 9,   15.715099, 4.8,   599
2018/10/07, 17:24:15, 41.708286, 9,   15.715078, 3.9,   600
2018/10/07, 17:24:16, 41.708279, 9,   15.715066, 3.7,   601
2018/10/07, 17:24:17, 41.708275, 9,   15.715055, 0.0,   601
2018/10/07, 17:24:18, 41.708279, 9,   15.715050, 0.0,   601
2018/10/07, 17:24:19, 41.708275, 9,   15.715043, 0.0,   601
2018/10/07, 17:24:20, 41.708275, 9,   15.715037, 0.0,   602
2018/10/07, 17:24:21, 41.708275, 9,   15.715033, 0.0,   602
2018/10/07, 17:24:22, 41.708271, 9,   15.715031, 0.0,   602
2018/10/07, 17:24:23, 41.708271, 8,   15.715028, 0.0,   603
2018/10/07, 17:24:24, 41.708271, 9,   15.715026, 0.0,   604
2018/10/07, 17:24:25, 41.708271, 9,   15.715023, 0.0,   604
2018/10/07, 17:24:26, 41.708267, 9,   15.715019, 0.0,   605
2018/10/07, 17:24:27, 41.708263, 9,   15.715017, 0.0,   605
2018/10/07, 17:24:28, 41.708260, 9,   15.715013, 0.0,   605
2018/10/07, 17:24:29, 41.708252, 9,   15.715002, 3.9,   605
2018/10/07, 17:24:30, 41.708248, 9,   15.714986, 5.4,   605
2018/10/07, 17:24:31, 41.708241, 9,   15.714970, 5.6,   606
2018/10/07, 17:24:32, 41.708229, 9,   15.714948, 6.8,   606
2018/10/07, 17:24:33, 41.708221, 9,   15.714938, 4.7,   606
2018/10/07, 17:24:34, 41.708210, 9,   15.714934, 4.5,   606
2018/10/07, 17:24:35, 41.708199, 9,   15.714949, 7.0,   607
2018/10/07, 17:24:36, 41.708172, 9,   15.714965, 9.9,   607
2018/10/07, 17:24:37, 41.708130, 7,   15.714958, 14.7,   606
2018/10/07, 17:24:38, 41.708088, 9,   15.714960, 15.5,   606
2018/10/07, 17:24:39, 41.708054, 9,   15.714967, 13.4,   606
2018/10/07, 17:24:40, 41.708012, 9,   15.714967, 14.7,   606
2018/10/07, 17:24:41, 41.707985, 9,   15.714960, 11.7,   605
2018/10/07, 17:24:42, 41.707973, 8,   15.714925, 7.0,   604
2018/10/07, 17:24:43, 41.707958, 9,   15.714913, 5.7,   604
2018/10/07, 17:24:44, 41.707951, 9,   15.714903, 3.9,   603
2018/10/07, 17:24:45, 41.707951, 9,   15.714904, 0.0,   603
